=================================================================================================

   [big_fury]
   888888888     8888   888888888888   8888       888888888      8888      8888     888888888   
 8888888888888   8888   888888888888   8888     8888888888888    8888      8888   8888888888888
 8888     8888                88888            8888       8888   8888      8888   8888     8888 
 888888888       8888       888888     8888   8888         8888  8888      8888   888888888     
   8888888888    8888      88888       8888   8888         8888  8888      8888     88888888888 
        888888   8888    88888         8888   8888         8888  8888      8888           888888
 8888      8888  8888   88888          8888    8888       8888   8888      8888   8888      8888
 8888888888888   8888  88888888888888  8888     8888888888888     888888888888    8888888888888 
   8888888888    8888  88888888888888  8888       888888888        8888888888       8888888888  

=================================================================================================

                             +--------------------------------------+
			     |     THIS SBI FILE WAS CREATED BY     |
			     |             			    |
			     |					    |
			     |          SBI BUILDER WIZARD!         |
			     |	 	  Download it at:	    |
			     |     http://sbibuilder.shorturl.com/  |
			     |					    |
			     |	   Thanks for using my program!     |
			     |					    |	
		             +--------------------------------------+		